-2.3934	0.144229
-2.1934	0.208449
-1.9934	0.228578
-1.7934	0.231253
-1.5934	0.339502
-1.3934	0.505038
-1.1934	0.64319
-0.993399	0.704522
-0.793399	0.766212
-0.593399	0.904008
-0.393399	1.34052
-0.193399	1.73528
0.00660089	2.05705
0.206601	2.36078
0.406601	2.87219
0.606601	3.67463
0.806601	4.61801
1.0066	5.53282
1.2066	6.48342
1.4066	7.58889
1.6066	9.00815
1.8066	10.8741
2.0066	12.4963
2.2066	13.9312
2.4066	15.4204
2.6066	17.0576
2.8066	18.8444
3.0066	20.4761
3.2066	21.8219
3.4066	22.92
3.6066	23.9736
3.8066	25.3168
4.0066	26.3014
4.2066	26.8434
4.4066	27.068
4.6066	27.0739
4.8066	27.0488
5.0066	26.8775
5.2066	26.3584
5.4066	25.5495
5.6066	24.5258
5.8066	23.5109
6.0066	22.5594
6.2066	21.589
6.4066	20.446
6.6066	19.1903
6.8066	18.0054
7.0066	17.0654
7.2066	16.2781
7.4066	15.5045
7.6066	14.7295
7.8066	14.1323
8.0066	13.843
8.2066	13.851
8.4066	14.1054
8.6066	14.4374
8.8066	14.9183
9.0066	15.6575
9.2066	16.6399
9.4066	17.773
9.6066	19.0502
9.8066	20.0262
10.0066	20.8685
10.2066	21.7808
10.4066	22.5831
10.6066	23.1717
10.8066	23.3916
11.0066	23.2946
11.2066	23.0329
11.4066	22.7018
11.6066	22.1447
11.8066	21.3122
12.0066	20.1432
12.2066	18.8191
12.4066	17.4668
12.6066	16.0954
12.8066	14.6484
13.0066	13.1271
13.2066	11.6193
13.4066	10.4602
13.6066	9.4607
13.8066	8.61883
14.0066	7.82929
14.2066	7.24317
14.4066	6.87786
14.6066	6.71058
14.8066	6.62419
15.0066	6.61872
15.2066	6.67311
15.4066	6.80641
15.6066	7.03741
15.8066	7.31561
16.0066	7.6444
16.2066	8.04515
16.4066	8.5213
16.6066	9.17355
16.8066	9.9063
17.0066	10.7293
17.2066	11.6531
17.4066	12.5872
17.6066	13.9585
17.8066	15.0077
18.0066	15.8804
18.2066	16.6897
18.4066	17.4285
18.6066	18.2945
18.8066	18.8184
19.0066	19.001
19.2066	18.9496
19.4066	18.9246
19.6066	18.982
19.8066	19.0015
20.0066	18.6396
20.2066	18.0656
20.4066	17.569
20.6066	17.5277
20.8066	17.7909
21.0066	18.0395
21.2066	18.1649
21.4066	18.5594
21.6066	19.5829
21.8066	21.5495
22.0066	23.5173
22.2066	25.3585
22.4066	27.2939
22.6066	29.5614
22.8066	32.6335
23.0066	35.556
23.2066	37.9923
23.4066	39.9868
23.6066	41.8092
23.8066	43.7375
24.0066	45.79
24.2066	46.9894
24.4066	47.3183
24.6066	47.2036
24.8066	46.9076
25.0066	46.5675
25.2066	45.9104
25.4066	44.3194
25.6066	42.1726
25.8066	39.933
26.0066	38.0157
26.2066	36.12
26.4066	33.8167
26.6066	31.1772
26.8066	28.7056
27.0066	26.8104
27.2066	25.6154
27.4066	24.407
27.6066	22.9468
27.8066	21.6826
28.0066	21.1299
28.2066	21.3613
28.4066	21.8542
28.6066	22.085
28.8066	22.3584
29.0066	23.0863
29.2066	24.4662
29.4066	26.4128
29.6066	27.776
29.8066	28.6507
30.0066	29.6167
30.2066	30.9441
30.4066	32.5284
30.6066	33.715
30.8066	34.2438
31.0066	34.4003
31.2066	34.7097
31.4066	35.4877
31.6066	35.9284
31.8066	35.6536
32.0066	34.8588
32.2066	33.9414
32.4066	33.3093
32.6066	32.6319
32.8066	31.5135
33.0066	29.789
33.2066	27.9787
33.4066	26.4501
33.6066	25.1804
33.8066	23.7965
34.0066	22.1433
34.2066	20.3732
34.4066	18.8512
34.6066	17.7108
34.8066	16.6811
35.0066	15.4655
35.2066	14.1888
35.4066	13.1597
35.6066	12.4869
35.8066	12.0292
36.0066	11.5656
36.2066	10.9951
36.4066	10.496
36.6066	10.2903
36.8066	10.2691
37.0066	10.2359
37.2066	9.93131
37.4066	9.5035
37.6066	9.18638
37.8066	8.9926
38.0066	8.77859
38.2066	8.3698
38.4066	7.79469
38.6066	7.18985
38.8066	6.79777
39.0066	6.54003
39.2066	6.17513
39.4066	5.67861
39.6066	5.10148
39.8066	4.63887
40.0066	4.28099
40.2066	3.91614
40.4066	3.41866
40.6066	2.87347
40.8066	2.44916
41.0066	2.1604
41.2066	1.9394
41.4066	1.69576
41.6066	1.39025
41.8066	1.14295
42.0066	1.01154
42.2066	0.945697
42.4066	0.850203
42.6066	0.732045
42.8066	0.631049
43.0066	0.707223
43.2066	0.728081
43.4066	0.696751
43.6066	0.635549
43.8066	0.676862
44.0066	0.755487
44.2066	0.873653
44.4066	0.911676
44.6066	0.943789
44.8066	1.04912
45.0066	1.31583
45.2066	1.62638
45.4066	1.91206
45.6066	2.19716
45.8066	2.58349
46.0066	3.1696
46.2066	3.97482
46.4066	4.8283
46.6066	5.71721
46.8066	6.68488
47.0066	7.81185
47.2066	9.34725
47.4066	10.6678
47.6066	11.8017
47.8066	12.8878
48.0066	13.888
48.2066	14.8696
48.4066	15.6478
48.6066	16.1047
48.8066	16.2352
49.0066	16.1618
49.2066	15.9695
49.4066	15.6336
49.6066	15.0417
49.8066	14.1802
50.0066	13.1858
50.2066	12.1792
50.4066	11.2297
50.6066	10.2536
50.8066	9.17016
51.0066	8.15554
51.2066	7.31285
51.4066	6.69449
51.6066	6.20779
51.8066	5.76071
52.0066	5.36128
52.2066	5.12169
52.4066	5.06947
52.6066	5.12047
52.8066	5.13806
53.0066	5.04712
53.2066	4.99094
53.4066	5.01896
53.6066	5.11058
53.8066	5.17511
54.0066	5.10126
54.2066	4.96827
54.4066	4.87084
54.6066	4.83455
54.8066	4.82309
55.0066	4.6558
55.2066	4.36744
55.4066	4.04789
55.6066	3.78247
55.8066	3.5199
56.0066	3.20091
56.2066	2.77562
56.4066	2.31901
56.6066	1.96322
56.8066	1.71694
57.0066	1.51932
57.2066	1.31117
57.4066	1.05359
57.6066	0.856404
57.8066	0.761091
58.0066	0.715234
58.2066	0.643049
58.4066	0.554469
58.6066	0.485937
58.8066	0.443458
59.0066	0.420078
59.2066	0.384588
59.4066	0.336662
59.6066	0.286551
59.8066	0.250449
60.0066	0.230463
60.2066	0.207154
60.4066	0.177577
60.6066	0.145112
60.8066	0.119536
61.0066	0.0995528
61.2066	0.0835855
61.4066	0.0676344
61.6066	0.0508085
:::::::::::::.
:::::::::::::.
