-4.19698	0.144229
-3.99698	0.208449
-3.79698	0.228578
-3.59698	0.231253
-3.39698	0.339502
-3.19698	0.505038
-2.99698	0.64319
-2.79698	0.704522
-2.59698	0.766212
-2.39698	0.904008
-2.19698	1.19629
-1.99698	1.52683
-1.79698	1.82848
-1.59698	2.12953
-1.39698	2.53268
-1.19698	3.1696
-0.996982	3.97482
-0.796982	4.97253
-0.596982	5.92565
-0.396982	6.91346
-0.196982	8.18733
0.00301762	9.8952
0.203018	11.4014
0.403018	12.6761
0.603018	13.9318
0.803018	15.3035
1.00302	16.6252
1.20302	17.7772
1.40302	18.7732
1.60302	19.5156
1.80302	20.2212
2.00302	20.9035
2.20302	21.6757
2.40302	22.4173
2.60302	23.0884
2.80302	23.9735
3.00302	25.132
3.20302	26.6023
3.40302	28.6439
3.60302	30.5824
3.80302	32.7672
4.00302	35.7964
4.20302	38.8198
4.40302	41.9944
4.60302	45.1872
4.80302	48.3337
5.00302	51.7959
5.20302	55.1634
5.40302	57.9297
5.60302	60.6094
5.80302	62.3814
6.00302	63.9159
6.20302	65.1421
6.40302	65.7787
6.60302	65.7334
6.80302	65.0586
7.00302	64.074
7.20302	63.2585
7.40302	62.3905
7.60302	61.408
7.80302	60.4536
8.00302	59.5761
8.20302	59.5581
8.40302	59.9328
8.60302	60.6669
8.80302	61.8699
9.00302	63.3312
9.20302	65.2153
9.40302	68.2313
9.60302	71.1037
9.80302	74.2591
10.003	77.1471
10.203	79.6083
10.403	82.0383
10.603	84.1643
10.803	85.7015
11.003	86.612
11.203	86.5869
11.403	85.9615
11.603	84.9833
11.803	83.5493
12.003	81.8795
12.203	79.4971
12.403	76.6494
12.603	73.9204
12.803	71.3301
13.003	68.8737
13.203	66.7204
13.403	64.5819
13.603	62.7205
13.803	61.3281
14.003	60.9471
14.203	60.5864
14.403	60.4251
14.603	60.3483
14.803	60.6703
15.003	61.3087
15.203	62.3317
15.403	62.9996
15.603	63.2168
15.803	63.4538
16.003	63.8251
16.203	64.3614
16.403	64.7513
16.603	64.6703
16.803	64.368
17.003	64.3619
17.203	64.5671
17.403	65.1652
17.603	65.2468
17.803	65.0646
18.003	65.235
18.203	66.0124
18.403	66.677
18.603	67.3837
18.803	67.5812
19.003	67.6008
19.203	67.8788
19.403	68.243
19.603	68.2441
19.803	67.4705
20.003	66.1139
20.203	64.5436
20.403	63.0535
20.603	61.493
20.803	59.4326
21.003	56.8586
21.203	54.3334
21.403	52.2963
21.603	50.9033
21.803	49.6948
22.003	48.527
22.203	47.8096
22.403	47.5665
22.603	47.9556
22.803	49.1915
23.003	49.9626
23.203	50.4145
23.403	50.9722
23.603	51.7711
23.803	52.7166
24.003	53.1124
24.203	52.807
24.403	51.7996
24.603	50.854
24.803	50.1131
25.003	49.2385
25.203	47.7446
25.403	45.6776
25.603	43.617
25.803	42.1426
26.003	41.1809
26.203	40.3852
26.403	39.4378
26.603	38.7442
26.803	38.9221
27.003	40.4077
27.203	42.347
27.403	44.4651
27.603	46.7984
27.803	49.7483
28.003	53.7405
28.203	58.0412
28.403	61.9827
28.603	65.188
28.803	68.17
29.003	70.998
29.203	73.3734
29.403	74.9024
29.603	75.2904
29.803	75.0079
30.003	74.1604
30.203	72.839
30.403	70.9226
30.603	68.3145
30.803	65.5345
31.003	62.7396
31.203	60.1407
31.403	57.7439
31.603	55.6438
31.803	53.9792
32.003	53.1724
32.203	53.2579
32.403	53.6386
32.603	54.4373
32.803	55.6585
33.003	57.3135
33.203	59.245
33.403	61.4812
33.603	63.4702
33.803	65.1004
34.003	66.8036
34.203	68.3814
34.403	69.6429
34.603	70.5007
34.803	70.6795
35.003	70.8668
35.203	70.6155
35.403	70.1134
35.603	69.202
35.803	67.8113
36.003	66.2401
36.203	64.6366
36.403	63.0933
36.603	61.4047
36.803	59.5336
37.003	57.9011
37.203	56.5173
37.403	55.4148
37.603	54.776
37.803	54.1658
38.003	53.7122
38.203	53.7154
38.403	54.2379
38.603	54.6347
38.803	55.0437
39.003	55.5495
39.203	55.9395
39.403	56.3233
39.603	57.041
39.803	57.2082
40.003	56.8716
40.203	56.181
40.403	55.8315
40.603	55.5326
40.803	55.0952
41.003	54.2295
41.203	53.5925
41.403	53.3611
41.603	53.9071
41.803	54.9143
42.003	56.0054
42.203	57.6041
42.403	59.8705
42.603	63.2133
42.803	67.278
43.003	71.9504
43.203	76.9702
43.403	82.2513
43.603	88.1322
43.803	95.3136
44.003	101.813
44.203	107.66
44.403	113.406
44.603	119.095
44.803	124.31
45.003	129.03
45.203	132.557
45.403	134.841
45.603	136.555
45.803	137.193
46.003	136.904
46.203	135.456
46.403	133.055
46.603	129.412
46.803	124.998
47.003	120.283
47.203	115.128
47.403	109.417
47.603	103.523
47.803	97.7364
48.003	92.2415
48.203	87.0503
48.403	82.1298
48.603	77.289
48.803	73.0052
49.003	69.1874
49.203	65.7763
49.403	62.6094
49.603	59.5735
49.803	56.9706
50.003	54.6774
50.203	52.7408
50.403	51.0065
50.603	49.4136
50.803	47.9081
51.003	46.5334
51.203	45.2736
51.403	44.0406
51.603	42.5911
51.803	40.9085
52.003	39.0572
52.203	37.1008
52.403	35.0625
52.603	33.0142
52.803	30.7425
53.003	28.3672
53.203	26.1311
53.403	24.0049
53.603	21.9958
53.803	20.0626
54.003	18.0939
54.203	16.1855
54.403	14.5521
54.603	13.0718
54.803	11.5866
55.003	10.2183
55.203	8.99517
55.403	7.8878
55.603	6.88236
55.803	5.92119
56.003	5.14993
56.203	4.52273
56.403	4.00645
56.603	3.48072
56.803	3.00816
57.003	2.63403
57.203	2.33236
57.403	2.05719
57.603	1.74613
57.803	1.4814
58.003	1.28518
58.203	1.12007
58.403	0.859716
58.603	0.746938
58.803	0.631315
59.003	0.529955
59.203	0.417634
59.403	0.357515
59.603	0.261162
59.803	0.212746
60.003	0.170345
60.203	0.0995528
60.403	0.0835855
60.603	0.0676344
60.803	0.0508085
:::::::::::::.
:::::::::::::.
:::::::::::::.
:::::::::::::.
:::::::::::::.
:::::::::::::.
:::::::::::::.
:::::::::::::.
:::::::::::::.
:::::::::::::.
:::::::::::::.
:::::::::::::.
:::::::::::::.
:::::::::::::.
:::::::::::::.
:::::::::::::.
:::::::::::::.
:::::::::::::.
:::::::::::::.
:::::::::::::.
:::::::::::::.
:::::::::::::.
:::::::::::::.
